2
3
6
11
16
32
40
41
42
43
58
59
60
61
62
63
64
67
68
70
77
78
81
83
85
87
89
105
109
115
118
119
120
121
122
127
139
166
172
182
184
189
206
207
220
225
226
240
241
242
251
280
300
302
317
320
334
341
345
350
351
354
355
358
371
372
379
381
386
402
406
408
411
421
438
440
441
442
444
446
447
450
452
453
456
459
463
464
493
496
502
503
514
516
521
526
530
563
578
585
600
605
606
609
611
612
615
616
620
628
630
631
633
636
642
651
655
658
659
670
675
689
693
694
700
703
711
714
715
744
745
783
809
854
855
856
858
859
860
862
916
917
930
932
935
950
956
957
1010
1011
1020
1021
1023
1026
1038
1073
1074
1138
1140
1152
1155
1159
1173
1281
1282
1315
1317
1319
1320
1321
1349
1356
1360
1364
1367
1374
1386
1389
1431
1480
1481
1482
1483
1484
1491
1496
1499
1502
1537
1538
1539
1541
1544
1545
1546
1548
1558
1564
1565
1568
1570
1571
1576
1578
1630
1638
1639
1676
1678
1682
1685
1695
1704
1738
2046
2049
2050
2054
2056
2058
2062
2063
2064
2070
2075
2082
2084
2094
2095
2096
2101
2107
2112
2132
2134
2135
2143
2171
2176
2181
2185
2191
2213
2219
2224
2231
2237
2240
2261
2264
2265
2271
2277
2280
2281
2299
2303
2309
2311
2321
2327
2330
2335
2338
2339
2347
2358
2363
2381
2384
2388
2390
2403
2409
2411
2412
2417
2418
2419
2420
2427
2429
2434
2438
2439
2445
2449
2457
2462
2465
2466
2479
2484
2489
2497
2501
2506
2510
2520
2523
2531
2538
2548
2554
2569
2575
2586
2593
2595
2601
2609
2611
2623
2641
2650
2653
2659
2669
2678
2680
2682
2700
2702
2712
2723
2726
2727
2729
2735
2736
2737
2752
2757
2759
2764
2769
2775
2776
2794
2801
2805
2811
2812
2813
2817
2827
2833
2839
2848
2857
2861
2864
2886
2892
2893
2907
2909
2919
2928
2936
2938
2964
2966
2978
2989
3001
3003
3005
3015
3021
3023
3030
3032
3034
3037
3110
3116
3435
3492
3612
3613
3616
3618
3620
3622
3625
3627
3628
3629
3630
3631
3632
3633
3635
3636
3637
3638
3639
3645
3648
3649
3650
3652
3653
3655
3656
3720
3730
3740
3742
3743
3746
3749
3750
3768
3769
3772
3778
3805
3807
3811
3817
3823
3824
3827
3828
3832
3844
3845
3849
3851
3852
3853
3870
3884
3886
3895
3905
3916
3921
3922
3934
3937
3965
3967
3973
3979
3984
3991
4002
4019
4033
4036
4042
4050
4069
4072
4083
4088
4104
4106
4108
4113
4119
4135
4138
4140
4141
4147
4157
4158
4162
4163
4165
4170
4176
4184
4187
4208
4210
4213
4214
4217
4225
4226
4229
4230
4231
4232
4233
4236
4237
4238
4239
4240
4241
4242
4243
4244
4245
4246
4247
4248
4249
4250
4251
4252
4253
4254
4255
4256
4257
4258
4259
4260
4261
4262
4263
4265
4266
4267
4268
4270
4271
4272
4273
4274
4276
4277
4278
4279
4280
4281
4283
4284
4285
4287
4288
4290
4291
4292
4293
4294
4295
4299
4307
4310
4311
4313
4314
4316
4323
4334
4342
4344
4357
4372
